5000
66 88
96 20
77 48
73 50
27 34
97 37
58 86
61 23
24 88
68 11
93 40
23 29
97 64
21 22
83 90
75 65
46 68
55 44
15 5
73 53
68 78
57 0
32 35
90 62
95 1
19 76
1 15
59 6
4 29
13 67
15 97
71 2
50 39
70 24
31 4
35 48
22 50
72 68
2 86
41 97
77 18
62 87
58 47
79 12
54 28
63 75
28 66
46 33
26 55
22 54
6 30
57 26
89 80
38 64
52 97
1 81
76 78
80 66
72 95
97 27
86 23
38 96
7 36
57 94
38 8
24 11
51 77
52 36
89 25
63 68
60 15
75 93
81 14
71 82
10 88
13 36
26 62
10 39
83 63
71 86
53 96
25 88
34 60
87 93
97 40
91 91
17 24
35 78
0 22
3 36
32 65
53 63
77 3
87 17
76 47
29 1
5 57
3 59
24 96
76 50
7 99
90 35
40 93
64 79
73 2
22 70
14 98
55 39
66 4
78 64
11 73
31 90
96 29
28 74
28 87
92 59
77 40
73 59
31 45
99 17
68 14
41 30
77 27
15 69
23 42
17 77
3 44
92 14
19 41
43 59
83 4
34 38
81 84
94 3
34 24
64 56
77 93
65 94
85 65
91 0
6 49
54 17
97 12
49 52
98 28
64 52
84 67
60 30
17 3
31 15
11 82
43 79
15 80
85 80
40 50
20 69
96 53
56 58
0 2
82 89
86 65
12 39
64 88
35 13
10 96
23 3
41 20
59 14
28 59
76 10
81 49
81 51
57 5
79 77
76 41
15 8
5 83
1 86
46 68
78 11
16 25
18 39
77 81
76 82
62 14
17 34
49 35
76 23
62 19
51 47
54 25
63 6
88 7
65 23
22 94
38 9
83 52
73 11
81 25
64 63
31 44
93 95
2 18
62 80
65 77
81 75
13 42
98 30
98 17
83 52
53 26
27 39
99 82
30 15
9 89
89 16
57 98
37 24
76 61
7 79
66 55
51 44
6 37
42 69
17 93
3 28
54 73
92 8
20 26
51 79
36 67
63 9
45 8
10 39
78 84
62 23
63 83
79 80
4 73
53 82
0 22
13 14
57 74
98 89
54 98
87 47
14 6
28 35
43 54
98 83
16 24
8 29
83 35
28 9
28 90
83 26
50 97
1 0
87 29
13 25
93 84
53 15
92 47
30 62
31 72
63 91
70 59
88 32
13 37
94 73
96 13
70 8
25 22
23 41
32 3
12 33
12 65
36 63
1 92
97 9
89 41
56 65
77 8
51 25
67 3
17 47
19 60
4 9
87 5
56 29
86 90
96 0
93 49
93 91
1 64
51 49
9 74
93 88
93 28
29 96
39 73
77 82
6 90
37 17
9 25
95 64
8 40
13 35
22 44
25 16
69 91
62 97
71 75
31 60
25 53
78 20
87 37
39 20
63 44
14 31
7 20
72 22
19 77
46 65
24 61
45 48
8 89
58 78
74 52
52 49
93 70
57 34
81 57
89 4
14 56
27 83
94 4
31 58
29 75
12 27
7 53
79 0
27 63
16 71
28 56
26 31
50 91
71 97
50 90
5 14
98 29
28 31
92 6
88 30
25 96
35 64
99 80
13 17
81 12
48 85
91 21
48 50
43 60
95 41
62 92
62 17
59 87
32 12
25 85
11 33
0 11
50 73
48 2
86 81
87 41
26 16
77 17
69 38
80 50
18 95
49 71
52 79
46 2
92 64
91 27
5 59
13 45
14 37
54 10
47 5
3 40
21 79
20 24
64 87
42 64
16 59
63 90
56 91
6 35
72 71
17 2
48 84
57 65
27 73
77 98
54 38
16 71
10 30
33 64
14 29
80 59
32 12
28 10
40 61
55 13
67 20
31 11
14 64
15 23
12 69
21 36
80 54
0 13
81 54
40 95
96 76
91 21
20 95
71 19
26 69
22 52
6 28
16 54
2 11
11 99
30 16
37 57
26 71
7 11
53 95
57 63
43 20
98 28
13 99
50 69
4 83
19 45
72 30
57 14
56 30
90 58
8 50
15 60
71 39
93 92
55 12
20 78
37 89
70 59
10 65
19 43
80 99
8 67
18 99
47 37
77 91
83 42
92 36
93 43
7 64
95 40
78 9
49 96
44 11
66 79
1 96
80 35
77 33
28 58
4 66
8 5
39 51
11 45
52 98
41 72
74 48
96 31
3 55
35 63
83 78
78 43
50 37
67 43
11 89
56 31
10 20
1 75
0 74
69 99
48 3
73 84
60 17
21 22
26 26
16 73
55 47
87 99
23 48
85 44
19 83
62 36
51 21
38 6
6 36
54 7
17 96
42 15
46 17
57 3
83 77
30 39
2 48
92 79
10 56
66 29
67 28
62 75
44 72
63 84
43 90
12 45
63 12
52 8
2 90
13 61
53 9
51 77
97 58
18 96
12 61
90 12
61 98
86 52
32 81
68 11
82 10
94 45
58 32
43 68
46 79
76 49
73 33
65 51
17 86
83 41
4 8
9 95
28 94
96 33
20 65
13 24
84 1
25 55
65 79
15 28
29 4
66 21
78 54
17 80
1 94
14 30
27 52
51 23
12 28
52 92
0 88
29 91
23 84
75 76
65 70
68 53
19 24
16 16
57 55
95 69
41 19
49 83
0 67
24 48
85 16
97 64
4 53
30 80
45 41
52 35
97 16
21 90
84 61
61 14
22 21
0 78
17 42
96 45
5 78
39 97
27 51
23 42
91 28
46 94
80 50
91 73
62 66
56 78
20 70
50 44
40 95
93 83
89 81
51 99
48 91
50 88
55 11
19 56
61 82
31 50
38 57
16 20
32 59
88 48
56 19
70 97
64 18
73 76
62 34
23 17
1 2
43 43
91 73
96 88
56 23
95 20
22 68
60 2
34 56
64 17
75 56
45 17
42 78
51 92
42 75
76 68
6 38
60 75
29 50
95 78
74 86
87 48
68 53
90 75
37 52
85 37
76 93
40 28
65 65
27 44
67 30
29 23
13 56
15 99
64 16
59 84
44 0
15 45
37 78
94 13
49 0
47 47
13 81
38 87
34 98
84 20
28 21
2 22
38 91
45 13
56 89
13 48
45 12
87 65
59 61
85 22
26 64
35 9
94 50
84 93
97 63
96 92
29 18
15 1
50 32
54 79
81 31
39 25
46 91
3 86
20 80
7 37
59 47
95 93
29 79
97 98
34 60
61 91
14 4
25 33
77 46
82 6
28 4
8 16
87 80
39 45
87 73
50 74
44 42
88 44
95 88
86 91
88 15
28 38
96 70
76 49
87 18
37 18
27 54
21 31
15 44
31 73
96 2
88 98
95 52
25 81
77 74
5 74
91 61
18 53
9 78
63 49
95 59
87 66
28 95
52 12
3 46
51 76
19 78
65 28
38 97
52 62
46 99
9 74
33 28
37 4
95 3
6 66
46 58
64 48
14 13
89 51
79 91
78 64
92 65
96 8
50 18
56 13
2 80
19 80
64 84
70 43
85 56
93 3
27 19
43 42
49 46
35 46
2 31
58 42
27 10
29 74
78 95
36 47
53 29
33 70
52 68
25 77
39 15
2 72
84 77
70 77
81 1
10 23
25 37
73 85
33 75
13 27
43 91
22 56
19 46
19 79
34 61
65 83
5 39
38 25
86 64
55 53
66 61
67 81
11 5
32 83
13 71
83 62
45 63
48 44
68 19
48 39
46 70
32 61
27 80
51 71
4 1
91 85
97 48
45 56
62 48
43 10
35 14
0 96
31 66
67 82
65 65
84 18
60 4
97 63
66 14
28 81
8 76
79 82
16 93
36 65
4 46
78 23
75 60
7 95
82 1
32 55
73 82
96 73
59 26
35 24
28 5
98 95
51 64
57 72
77 80
17 63
65 18
89 38
25 57
36 21
45 16
97 79
4 99
27 67
12 37
0 70
3 17
16 58
72 77
10 7
67 1
55 26
87 53
24 63
25 9
84 61
2 9
27 10
22 77
45 33
23 33
6 75
62 42
18 52
16 8
82 87
66 68
51 11
55 30
63 41
68 28
50 32
75 71
82 23
3 14
95 69
47 44
78 40
9 68
9 71
95 97
1 55
6 8
64 25
68 21
38 74
28 34
19 8
16 36
77 40
39 99
73 65
37 77
92 28
48 79
53 35
1 3
22 53
40 51
3 84
36 4
52 68
3 55
74 91
87 24
38 63
63 77
25 12
80 38
32 17
60 43
56 87
69 95
95 2
90 40
67 76
8 88
95 63
84 59
63 97
69 32
36 21
93 46
45 15
86 31
58 13
23 24
8 46
39 84
59 57
98 19
32 62
88 28
97 21
47 98
63 72
29 32
62 65
19 76
17 57
20 69
66 25
63 38
65 43
73 51
45 17
11 4
15 32
11 77
24 8
9 88
25 98
89 7
22 77
12 21
84 26
61 12
28 56
99 73
70 35
1 91
14 65
45 7
11 53
30 78
94 33
12 81
14 54
74 45
90 27
0 31
74 18
79 83
68 56
55 21
99 44
96 13
67 26
12 40
8 74
56 65
92 84
74 98
69 33
0 72
67 92
39 68
68 70
83 31
9 79
71 15
73 97
77 73
66 32
64 8
7 53
46 82
34 13
21 85
62 13
2 89
93 36
98 34
93 80
28 3
17 70
79 65
87 30
17 70
24 35
94 45
16 69
12 18
76 72
71 39
86 80
45 66
96 86
27 72
78 71
4 56
14 93
96 72
90 32
56 16
97 90
65 84
86 46
66 8
98 52
11 60
80 98
16 15
16 23
4 53
30 64
76 49
34 48
57 80
88 70
5 12
9 18
88 33
33 45
43 17
28 70
82 57
33 97
20 27
97 67
4 47
73 21
63 67
51 70
69 98
32 20
53 22
68 35
37 8
9 41
59 9
1 2
82 96
92 99
49 7
11 42
55 41
16 41
11 13
50 20
78 68
68 66
24 81
9 25
52 94
39 62
96 23
67 23
57 59
77 55
35 94
22 68
9 71
58 12
57 48
71 70
83 68
8 13
89 45
50 84
27 57
55 52
12 80
12 95
49 64
5 89
5 53
37 88
51 1
52 87
92 91
42 56
69 80
44 76
61 67
62 75
7 78
88 64
92 35
78 4
68 72
96 86
12 92
82 24
75 50
89 45
65 71
39 42
82 14
1 24
55 15
32 99
5 62
6 5
27 28
91 99
85 52
44 85
47 90
67 66
7 80
45 38
76 35
29 3
44 44
99 35
49 24
85 0
68 23
21 83
74 68
16 75
56 79
59 34
15 23
89 43
34 26
57 74
60 60
2 12
42 96
53 91
73 43
66 14
28 38
86 95
33 63
21 18
2 32
57 94
56 88
21 74
64 24
32 90
82 70
25 1
99 4
83 11
75 43
73 20
1 68
1 12
79 96
34 90
65 93
61 36
41 21
9 52
85 14
27 93
50 4
85 18
45 54
9 12
68 5
43 23
23 19
25 66
9 36
75 20
51 32
75 60
39 21
54 54
17 20
85 47
87 2
64 10
44 16
56 40
32 92
44 47
22 57
38 77
67 51
68 84
15 87
56 46
66 16
76 42
73 38
94 57
50 33
40 23
94 52
92 13
67 97
36 0
83 40
17 94
12 3
65 58
93 13
47 87
29 83
43 40
27 36
63 49
75 29
30 91
13 65
80 23
92 63
51 2
48 74
97 96
9 91
34 97
45 29
28 38
5 14
30 94
25 46
51 90
25 25
58 66
7 63
64 60
96 31
32 0
23 10
14 43
46 89
86 78
19 73
24 3
6 28
63 98
6 52
95 33
45 66
56 98
30 37
17 66
38 41
25 75
51 75
65 20
46 21
95 89
35 40
11 6
87 90
16 93
62 7
62 44
75 47
48 69
13 85
70 20
96 8
4 3
45 19
65 25
42 80
59 18
46 62
11 68
21 15
59 43
81 9
5 90
98 25
74 56
40 58
3 70
63 28
99 84
91 1
67 13
50 42
23 93
63 3
15 44
96 40
22 35
56 19
7 15
95 27
25 95
8 96
81 73
54 98
28 54
74 28
22 25
9 18
23 77
62 82
88 54
55 20
79 91
65 61
68 3
18 26
91 66
51 43
27 92
83 82
68 52
51 22
10 31
60 0
47 99
47 1
24 23
67 96
68 65
10 24
33 31
42 45
11 33
31 55
62 67
35 95
63 63
49 70
60 42
99 53
15 55
46 51
75 30
48 3
26 70
94 66
9 38
20 45
76 51
34 12
73 47
45 9
61 83
84 88
88 62
65 45
39 89
79 0
63 39
97 62
69 98
5 32
28 53
72 57
99 37
10 66
92 99
46 5
6 87
36 96
64 83
19 19
91 40
91 76
87 18
99 0
21 44
11 7
43 86
25 6
41 51
3 57
24 11
22 43
54 37
85 46
79 38
20 16
39 85
52 3
8 20
78 94
46 97
96 77
37 75
36 68
32 36
99 73
5 35
93 38
93 43
31 98
10 86
30 71
70 24
96 25
24 60
69 24
79 38
53 47
39 43
24 46
65 34
79 38
85 36
62 59
27 6
7 11
91 3
50 77
62 21
10 70
27 50
65 69
14 20
32 58
16 63
78 88
36 95
88 40
30 41
58 21
27 66
68 99
89 82
83 21
41 60
14 91
43 39
98 61
41 94
91 92
37 34
74 35
49 68
44 31
56 34
32 61
3 30
50 9
37 46
35 24
49 16
45 94
67 98
51 81
70 54
37 11
81 68
68 75
75 93
37 67
66 99
93 2
61 59
81 46
66 47
87 61
32 10
21 32
28 71
33 5
31 22
94 58
88 93
47 67
64 57
46 84
32 73
5 45
18 42
17 32
41 86
6 41
55 54
84 85
28 66
55 44
53 4
43 92
15 46
68 60
19 21
56 3
91 27
23 58
39 60
90 12
61 93
30 15
30 80
40 73
39 8
78 43
64 32
46 59
1 89
90 61
31 93
5 6
54 18
36 96
10 4
73 90
46 94
40 36
65 47
55 37
64 96
62 65
61 48
97 65
63 45
42 22
14 33
2 26
10 80
8 59
64 28
48 18
49 37
59 96
84 28
84 99
55 50
95 91
22 54
38 8
52 71
56 69
94 9
4 87
26 67
10 28
89 46
17 52
45 48
85 78
15 99
52 80
84 43
56 52
83 99
79 59
64 1
60 91
72 16
46 98
98 26
71 55
64 80
91 73
63 65
91 82
1 88
97 97
44 30
26 69
42 47
11 82
52 58
45 47
24 60
32 13
99 18
51 63
55 50
26 27
70 75
32 97
80 19
21 20
91 55
68 89
38 38
31 32
7 2
8 91
26 11
90 54
68 77
89 16
29 2
59 63
14 91
5 83
22 99
34 70
96 38
15 17
62 3
65 31
94 74
44 99
66 1
28 71
61 13
38 87
13 34
52 65
32 40
62 55
17 21
50 16
83 24
83 4
92 96
94 58
92 1
78 16
88 12
59 34
87 50
50 44
53 16
27 10
79 82
82 62
43 53
24 52
45 88
16 27
90 67
83 33
89 59
50 25
24 94
61 73
46 2
4 58
91 57
34 76
52 49
51 63
33 79
36 48
89 38
29 18
58 16
11 12
14 60
67 7
86 72
92 14
69 15
57 94
0 60
7 89
82 93
82 71
7 99
71 59
35 75
30 96
26 73
10 75
78 25
42 30
73 58
55 99
96 52
12 91
92 20
25 3
65 79
26 81
5 72
99 20
88 53
45 41
55 8
48 74
62 41
27 5
87 64
18 38
15 78
15 42
24 80
41 72
62 78
41 94
19 15
94 57
40 54
96 82
93 90
65 25
9 48
25 44
34 1
73 93
43 80
79 34
38 9
29 14
32 51
11 69
65 84
15 0
17 86
0 3
68 43
18 56
51 75
33 32
63 63
9 90
92 66
71 0
46 43
31 59
44 36
86 99
51 90
2 3
21 79
44 35
48 31
29 3
21 92
23 73
94 52
36 28
57 40
93 83
42 5
49 97
21 27
56 95
44 75
63 97
24 43
89 14
84 22
24 18
62 18
74 42
99 88
84 3
86 18
62 8
61 93
65 46
7 56
53 78
26 73
14 94
37 57
67 18
34 79
90 13
35 30
47 84
62 9
88 78
48 41
94 31
78 69
6 32
75 65
43 67
47 41
39 29
84 42
65 20
93 47
63 24
7 6
94 70
71 57
0 87
54 12
80 63
91 46
60 41
45 32
28 7
17 19
99 16
82 9
52 18
68 10
3 52
26 97
22 69
26 50
60 61
28 4
21 52
86 67
8 68
99 40
56 78
10 70
17 26
90 78
28 48
76 23
87 87
69 83
44 4
27 1
12 88
67 23
4 39
9 22
24 1
63 93
88 15
87 76
81 79
57 45
68 2
10 0
65 54
84 24
72 80
18 57
89 28
54 95
26 92
6 25
90 51
81 28
60 98
44 31
83 67
98 7
65 34
40 3
35 37
17 77
57 12
50 97
1 77
70 68
87 46
22 57
72 16
0 32
20 21
21 0
51 38
49 67
83 35
79 81
48 81
54 29
72 53
96 48
94 39
6 68
42 61
9 94
16 87
4 93
43 97
86 98
89 64
79 89
73 35
43 98
76 60
63 13
32 86
17 7
55 78
62 49
9 31
67 24
5 36
10 64
86 72
43 11
98 1
63 1
12 70
60 13
39 95
83 19
67 12
99 82
72 34
55 70
65 5
68 18
88 55
5 4
13 18
0 65
4 69
2 52
79 85
86 71
62 75
42 97
75 51
75 84
21 99
77 23
93 89
24 49
7 72
57 85
59 70
64 49
85 84
31 77
24 95
20 12
67 18
81 62
36 85
41 59
51 9
78 57
99 75
98 81
72 75
55 91
21 69
9 47
36 90
2 8
73 41
72 64
36 54
7 19
55 25
81 41
20 24
32 23
84 10
36 78
53 44
27 51
30 66
93 90
73 31
72 50
58 95
17 59
52 37
93 3
48 69
95 7
6 36
27 29
71 19
12 44
40 7
91 87
95 22
78 12
13 19
92 42
12 8
74 0
70 29
78 62
31 14
99 73
12 69
50 84
81 70
88 62
24 12
34 58
56 76
90 87
62 2
75 92
7 21
72 41
65 72
82 68
47 79
13 6
46 59
37 66
98 81
34 69
18 47
17 25
73 85
14 28
82 21
8 96
83 5
16 60
54 76
58 18
77 84
72 4
88 7
65 57
1 23
11 85
88 96
14 54
41 41
6 98
83 18
83 87
59 24
8 45
50 28
81 10
68 31
30 89
90 79
77 41
23 70
79 33
95 43
24 80
5 75
74 47
19 86
37 92
76 68
65 46
94 3
71 31
25 37
89 45
17 32
30 12
88 90
42 95
0 96
68 43
20 71
22 13
33 69
97 3
97 10
51 21
57 75
45 82
24 24
18 6
0 30
63 24
11 76
92 25
50 75
9 52
31 54
86 81
46 48
48 93
16 97
90 87
83 15
95 37
37 16
38 55
6 78
44 65
37 36
85 44
5 65
12 14
54 36
53 15
80 41
93 72
30 94
89 92
40 22
84 3
83 45
59 43
61 50
90 33
2 17
1 40
97 32
16 41
5 40
89 27
57 65
92 87
22 28
74 28
24 70
12 32
2 93
86 71
28 52
36 58
97 55
7 48
2 9
53 77
95 26
12 60
15 45
46 67
62 24
8 58
67 86
39 61
76 19
19 63
52 66
26 55
43 31
37 42
73 33
36 95
28 11
88 51
80 3
55 86
11 53
10 51
34 10
86 85
91 57
66 98
7 69
69 20
8 89
29 52
36 54
20 18
2 71
51 24
95 65
21 15
92 65
53 67
95 26
37 64
52 99
6 97
3 94
73 66
15 4
49 91
61 17
66 62
67 45
46 95
24 93
30 86
26 24
74 6
28 62
31 82
34 18
85 25
6 24
93 64
73 89
39 10
83 99
5 4
88 78
37 15
72 21
74 7
17 3
67 4
96 94
92 4
18 89
21 59
70 10
73 94
77 27
64 23
58 46
97 63
12 1
28 34
97 96
4 79
20 50
1 44
51 86
8 13
88 33
76 22
10 38
81 72
89 3
4 36
10 64
71 67
0 19
19 38
1 89
72 25
1 44
12 27
18 98
36 85
11 54
76 69
99 58
46 43
35 52
71 10
68 23
86 24
4 23
70 7
99 82
3 98
13 9
84 29
99 38
28 45
4 31
91 91
75 68
48 78
83 19
21 45
94 77
75 35
99 54
41 75
99 30
12 32
3 50
81 90
76 18
3 15
63 21
79 37
52 63
86 49
98 79
50 65
50 52
69 67
86 7
39 8
61 24
96 1
97 35
27 41
59 62
17 30
59 7
69 39
32 22
24 65
12 17
94 41
7 86
45 40
73 35
66 88
73 98
65 76
75 63
53 52
42 6
71 63
5 65
81 60
97 47
55 24
29 77
92 70
33 6
18 67
47 78
88 33
99 91
18 90
55 55
69 17
16 70
96 4
97 25
63 46
82 93
38 29
88 50
62 84
96 79
80 22
17 3
79 23
60 87
33 1
67 10
69 69
22 14
20 16
50 84
31 91
31 28
61 25
78 8
46 11
32 91
15 76
95 74
81 40
3 73
10 24
15 45
3 79
70 54
72 67
41 41
72 24
49 96
21 98
94 12
57 82
62 65
49 10
96 76
83 26
84 15
49 80
41 7
25 37
98 27
71 17
78 13
96 48
66 17
85 39
97 14
12 27
52 5
3 98
33 13
77 82
91 8
3 2
87 45
84 1
56 55
38 67
16 79
53 49
64 83
14 24
79 93
45 60
60 66
67 11
37 16
19 28
8 48
76 91
1 86
12 52
50 19
4 4
32 13
49 61
45 21
23 69
60 73
17 73
73 66
16 41
54 89
33 48
79 19
90 18
73 91
21 9
43 80
50 41
21 27
78 53
91 57
96 83
11 84
20 16
87 84
27 56
21 42
99 45
73 53
72 40
48 32
91 34
63 48
59 12
97 22
5 17
49 86
42 1
48 3
42 3
22 96
59 13
37 64
57 53
84 18
83 60
49 99
66 69
91 60
39 83
81 41
11 81
92 57
65 80
45 41
62 56
31 62
37 63
52 62
86 30
34 58
65 54
18 75
54 55
77 53
51 33
4 21
86 68
86 16
99 6
92 47
50 41
92 38
28 2
79 1
92 64
82 25
58 30
52 30
66 76
51 97
18 15
56 14
47 47
17 96
90 25
46 76
69 38
63 28
88 71
66 32
17 37
56 67
4 21
19 4
72 40
24 66
40 60
38 51
90 58
75 33
70 80
86 57
58 89
39 44
46 53
8 68
86 67
9 93
94 89
74 47
38 98
8 30
30 64
6 56
18 29
94 71
26 72
77 41
74 32
28 26
61 16
34 0
52 19
87 5
37 29
94 40
37 75
35 31
16 59
83 47
69 51
57 42
38 84
7 41
38 96
66 82
65 9
31 6
61 61
88 0
83 38
22 97
94 55
69 20
8 18
70 89
50 2
8 34
83 68
59 48
56 29
58 36
71 90
88 90
14 13
74 54
8 62
24 70
35 30
79 92
93 92
78 52
80 96
64 48
12 0
46 40
49 71
58 96
31 73
41 45
7 58
55 51
55 84
53 54
93 92
11 33
16 85
72 44
44 90
51 70
14 9
80 77
93 77
68 86
51 50
14 22
80 46
14 20
48 68
36 42
60 92
23 98
75 65
52 12
43 11
39 49
80 50
8 36
28 76
87 35
58 75
82 62
8 47
72 47
3 10
55 21
88 7
2 58
82 57
21 41
15 37
35 38
14 19
75 13
82 28
75 93
69 42
29 69
81 10
51 2
6 39
63 80
52 57
4 51
27 20
60 62
53 86
39 83
97 20
69 51
98 25
8 93
18 54
73 70
38 66
1 55
90 14
91 98
50 74
29 16
48 58
81 64
37 87
11 34
84 38
69 42
82 87
54 99
89 96
68 66
78 41
88 27
5 44
81 4
9 97
17 93
9 72
84 59
71 96
35 45
75 60
48 96
21 45
61 4
88 3
7 84
47 49
66 59
98 87
70 61
96 95
33 34
49 81
52 53
19 24
12 5
51 66
22 58
50 84
74 42
2 19
85 16
79 15
14 49
54 33
49 18
33 76
56 34
17 5
93 77
65 5
80 55
44 85
42 86
90 4
36 67
16 20
3 3
27 18
48 59
52 46
68 51
90 80
21 51
83 0
69 9
16 29
41 33
61 72
1 72
6 57
95 57
28 10
53 97
91 60
49 51
80 56
20 55
16 39
30 52
58 51
74 73
22 37
90 5
58 43
19 63
12 94
35 61
94 86
22 49
87 7
63 83
55 29
64 30
87 40
79 65
99 93
5 66
85 40
99 78
67 78
51 64
5 41
16 28
25 39
51 40
23 16
36 30
9 36
97 33
75 52
78 2
56 10
69 16
11 84
84 99
42 46
78 34
57 84
78 92
1 46
92 65
39 75
95 71
84 49
39 0
60 39
44 99
61 31
95 18
22 91
94 82
52 38
47 10
68 75
58 23
90 77
80 93
95 28
20 64
35 61
29 90
98 13
66 96
53 95
27 60
23 50
43 22
67 14
23 24
86 24
87 44
49 38
56 36
38 10
31 12
95 31
40 24
81 57
7 33
56 18
68 64
34 93
77 90
46 87
82 46
34 25
81 6
62 9
92 97
30 82
4 26
6 27
44 57
60 81
15 31
90 80
63 11
11 99
71 64
70 28
96 35
14 88
12 87
0 76
75 64
5 16
87 44
47 17
56 73
61 19
50 48
77 54
84 59
10 50
53 35
18 1
40 41
60 58
36 2
7 33
58 58
37 72
13 33
87 18
61 62
50 95
32 45
82 71
90 24
51 12
83 7
10 46
71 80
66 38
93 14
84 95
93 2
40 90
13 85
85 97
47 37
9 35
77 74
63 11
50 93
66 66
33 24
71 32
76 21
58 39
67 85
22 94
87 58
19 61
22 72
66 75
49 37
0 89
62 23
31 38
51 83
62 11
92 74
60 86
12 16
13 92
11 18
97 43
13 71
66 82
83 86
37 30
52 75
96 59
42 17
99 13
91 10
41 29
58 44
50 76
47 20
59 38
88 77
62 21
67 51
41 65
89 31
34 24
68 42
45 35
92 70
14 95
80 40
33 2
13 92
92 19
1 94
56 25
30 5
49 28
44 6
68 50
89 47
66 48
52 8
47 89
74 31
88 81
70 0
16 7
36 97
30 41
77 85
80 44
57 88
16 25
5 43
55 8
20 2
76 55
57 57
78 23
28 49
30 65
50 12
76 12
87 19
29 73
12 69
87 53
61 97
17 71
57 47
17 4
0 4
53 15
83 2
18 15
48 14
84 1
0 68
86 41
94 58
33 92
57 44
69 54
67 16
4 62
98 69
96 62
63 81
72 58
93 63
79 42
76 32
60 88
20 89
30 1
54 79
76 48
17 39
90 8
89 21
40 22
93 78
79 18
84 97
69 88
36 27
20 40
38 61
65 43
85 91
0 69
85 88
97 35
40 41
29 55
17 48
81 64
89 93
89 84
11 4
9 71
99 70
47 81
92 55
44 57
52 65
32 45
97 14
89 4
41 71
40 2
10 37
88 46
0 23
7 7
37 58
27 13
48 21
22 48
9 84
55 90
0 99
66 61
13 73
18 4
61 80
13 91
12 28
12 19
79 19
6 36
64 15
64 5
45 80
11 30
89 46
5 98
75 70
97 12
53 45
67 41
28 54
21 28
79 45
22 68
22 14
96 23
78 35
87 60
18 74
44 7
44 87
87 42
70 74
7 48
21 10
93 98
61 29
57 26
11 56
97 23
92 3
58 40
53 75
88 8
64 23
74 59
63 61
60 37
48 74
19 67
17 49
19 67
85 66
99 84
77 49
9 79
97 19
32 42
15 17
80 91
79 57
41 58
4 63
73 75
15 99
44 86
86 80
42 9
84 92
92 72
64 61
23 52
67 98
30 26
87 14
14 21
35 9
13 47
69 28
21 4
32 44
67 20
38 40
69 11
69 48
20 76
83 82
90 51
40 83
19 92
6 23
43 72
39 90
18 47
45 42
4 13
10 30
88 19
31 38
64 33
17 94
74 89
12 77
11 75
5 38
81 8
50 62
14 6
84 33
88 86
80 68
67 21
26 16
24 69
52 84
92 47
52 41
56 95
14 98
77 24
1 28
23 22
49 4
8 62
25 53
90 80
94 18
97 56
48 23
81 59
57 75
0 14
73 69
61 37
18 98
96 46
73 61
76 17
13 74
35 40
15 0
66 76
92 99
87 39
28 94
52 65
35 44
9 97
89 88
72 97
22 19
97 46
77 68
9 86
24 22
66 57
50 10
22 91
40 73
20 41
77 34
64 78
64 89
98 85
96 23
63 97
44 82
3 11
93 70
3 89
65 78
82 16
65 60
20 13
36 51
20 38
87 87
95 76
30 64
87 28
5 96
12 70
63 4
7 81
0 38
56 62
52 4
86 93
81 9
66 66
87 17
12 38
96 68
64 65
11 11
13 88
77 47
44 47
42 19
92 13
50 12
13 85
2 94
71 1
50 6
57 14
33 83
67 2
90 69
34 86
65 60
63 72
88 19
23 70
60 73
70 86
9 34
86 41
13 10
51 79
84 31
17 36
74 49
82 33
9 95
15 34
75 46
94 97
77 9
6 9
10 16
14 20
75 94
35 43
75 90
49 71
82 87
54 9
18 19
64 35
91 70
65 79
58 60
17 9
49 84
75 73
5 42
95 27
36 60
36 75
87 61
50 17
20 54
36 81
98 17
1 57
50 41
73 67
24 36
52 94
23 41
62 58
70 93
34 64
70 65
89 28
60 34
65 94
8 73
11 64
20 7
18 18
66 92
20 15
59 25
68 8
93 52
65 43
55 35
86 34
91 56
25 52
89 27
91 9
4 92
31 37
54 5
35 30
5 16
72 43
49 82
84 81
60 43
43 34
34 42
55 89
11 14
10 73
31 79
11 42
45 50
16 89
71 11
54 45
81 77
66 82
28 69
37 79
55 73
55 93
38 40
98 10
12 6
46 56
83 30
17 5
82 24
93 85
95 21
57 32
18 38
58 98
71 61
54 33
64 16
95 73
67 40
78 16
12 81
99 25
50 71
78 91
88 57
8 78
98 8
72 54
58 52
19 9
58 54
51 43
44 72
49 34
82 89
32 39
91 51
3 19
55 16
41 31
19 6
63 35
97 50
2 67
95 34
67 44
46 88
1 78
14 78
59 59
29 41
39 19
83 19
71 76
65 36
18 61
86 58
27 58
14 0
75 99
73 65
9 35
77 26
35 65
4 30
59 69
58 43
48 29
1 65
39 66
39 27
98 74
98 34
88 29
27 26
12 43
66 28
40 45
89 2
94 76
95 71
58 20
96 19
46 12
40 42
23 93
86 45
17 49
10 53
58 93
31 33
0 90
99 68
62 95
36 95
93 92
30 86
12 8
75 97
37 52
78 46
91 83
67 94
89 14
32 76
69 9
98 59
3 37
27 37
77 61
12 5
9 24
39 10
33 53
47 20
94 49
24 4
67 67
99 22
45 29
54 75
93 56
36 93
66 98
80 66
42 23
44 48
28 60
59 47
33 90
92 46
72 44
90 25
90 32
80 89
22 3
84 61
86 41
9 28
1 31
83 19
65 97
77 32
9 64
49 59
64 0
54 90
75 36
43 76
66 7
8 3
94 27
40 22
8 17
14 90
34 71
96 77
71 6
89 85
49 61
62 79
85 75
94 8
88 89
44 62
2 12
38 40
77 65
11 83
18 56
77 37
71 59
54 47
21 27
46 44
55 62
18 54
82 47
43 56
30 8
60 46
97 30
94 8
61 86
32 88
50 86
8 35
32 14
6 11
86 8
30 83
4 27
56 21
65 36
85 14
66 84
65 5
88 79
69 63
13 49
61 68
6 10
50 74
88 24
39 90
37 73
63 87
6 84
73 11
12 21
52 18
11 17
12 82
11 73
73 70
58 58
27 67
36 21
23 48
87 29
2 54
78 66
4 92
24 66
69 10
33 75
80 60
94 0
44 38
83 93
44 51
18 53
82 2
82 87
52 7
30 46
11 99
0 38
41 14
55 8
31 22
57 70
29 57
74 83
31 41
14 2
24 87
61 63
81 97
13 8
47 58
72 66
70 64
85 18
99 70
26 23
32 72
72 54
76 71
15 20
86 30
29 66
59 70
46 55
49 79
69 35
42 12
30 37
2 18
67 70
4 62
54 73
12 27
26 86
59 59
62 7
24 13
59 67
28 33
57 97
33 9
90 34
35 39
71 43
60 88
52 86
70 19
86 40
22 20
99 67
64 77
14 26
30 7
14 74
84 90
75 66
2 90
28 7
76 30
3 57
7 3
50 25
8 98
14 15
59 99
87 49
86 49
72 91
80 64
57 15
21 70
67 13
64 31
19 87
12 32
47 26
88 34
50 32
94 85
11 99
63 75
50 56
89 56
7 21
78 11
59 85
61 46
29 74
43 55
38 9
83 87
6 6
67 2
72 47
0 21
80 90
41 37
15 88
17 32
19 85
75 96
30 30
58 48
62 1
74 67
43 19
26 62
25 62
75 62
8 2
70 67
90 51
14 24
56 16
75 78
29 22
79 68
4 0
38 94
69 31
50 47
21 67
63 81
47 21
89 39
82 8
73 37
36 35
98 20
79 41
66 47
72 80
92 63
7 28
40 38
11 7
86 77
71 66
24 24
48 39
17 20
58 75
39 93
98 79
40 34
18 67
5 25
13 23
4 12
33 46
88 50
71 69
99 28
26 56
32 7
25 32
51 38
19 17
46 37
57 72
53 82
55 94
90 1
43 23
12 12
3 5
99 48
82 82
41 30
82 25
83 34
25 53
58 77
91 63
61 67
4 17
57 27
95 41
92 20
2 61
83 74
81 98
23 18
10 20
3 59
8 88
41 77
61 93
50 24
24 28
40 42
48 35
99 90
54 69
4 88
43 48
62 23
27 21
6 95
54 17
74 8
86 14
14 88
68 84
25 75
36 50
3 53
68 69
4 66
64 90
64 55
49 93
9 86
41 54
27 62
51 45
62 65
25 19
59 79
58 59
73 55
17 83
42 54
64 55
83 44
41 84
85 91
61 6
19 72
58 73
85 37
44 78
38 85
0 67
62 86
12 33
42 32
80 64
10 0
69 65
98 8
25 91
64 6
58 1
69 96
92 73
3 47
62 78
75 65
77 61
53 9
65 82
90 33
77 89
98 86
78 59
58 77
52 18
24 43
37 66
43 99
62 92
38 19
3 13
57 8
87 66
87 72
26 34
31 83
72 34
2 10
16 10
82 67
37 70
17 37
52 91
96 49
71 72
83 91
34 45
59 59
9 10
56 67
54 78
29 33
65 30
54 31
18 85
0 23
82 43
99 38
10 86
49 45
36 97
79 90
56 12
70 97
5 69
92 74
10 17
38 96
28 46
18 85
72 53
61 40
61 45
54 85
0 10
46 63
46 45
45 36
16 21
94 35
45 87
72 6
12 95
60 91
5 38
26 16
15 48
84 15
71 71
99 69
68 27
18 40
75 26
92 13
83 36
6 52
6 59
74 25
79 80
83 91
99 66
2 63
70 12
67 96
1 19
45 88
50 34
10 52
44 89
98 69
4 26
19 89
33 86
4 48
4 49
84 75
96 13
19 0
26 85
31 58
89 3
31 77
85 54
49 78
69 6
51 11
31 58
17 81
44 4
37 75
42 93
47 36
58 28
68 90
74 77
79 74
32 96
55 48
33 11
77 22
58 37
29 65
5 60
43 97
52 1
5 27
70 21
44 85
70 20
57 49
39 46
97 3
70 49
56 53
31 22
88 18
3 5
82 6
61 12
62 28
69 25
52 38
50 87
46 83
45 30
46 49
63 3
54 98
19 8
7 92
74 62
70 63
7 15
4 50
64 19
18 63
74 43
18 10
73 65
98 98
73 45
99 62
25 12
1 58
34 67
86 60
82 51
56 31
80 87
13 34
1 60
22 78
69 80
4 85
8 34
4 45
15 47
89 32
18 38
75 55
65 91
51 91
76 9
22 30
52 61
52 0
84 11
31 16
9 84
5 68
30 31
91 48
99 6
30 72
29 68
48 19
3 96
84 72
68 45
4 95
45 85
73 61
58 65
13 13
97 18
32 56
96 11
36 4
25 0
92 56
95 46
15 80
7 53
7 63
93 2
5 95
89 82
32 29
30 45
51 34
27 8
63 43
65 6
14 49
89 37
98 41
38 81
65 74
82 67
91 5
99 84
18 50
33 77
58 20
97 35
22 39
73 32
45 31
53 56
6 18
50 99
60 67
65 55
50 10
37 18
12 60
42 7
62 71
46 14
42 26
90 15
37 67
40 31
23 19
33 50
44 88
6 32
46 94
45 63
10 99
70 22
47 89
39 16
98 18
14 37
51 12
77 26
41 59
0 25
39 70
76 63
92 46
39 29
76 71
69 58
96 42
74 15
90 88
66 78
30 28
90 61
15 68
35 23
70 30
45 73
55 14
39 15
85 33
3 90
11 88
2 69
84 82
97 44
95 33
13 85
38 92
73 44
25 59
59 50
32 41
35 57
78 10
80 94
51 28
72 75
21 62
95 81
56 68
63 3
17 92
55 10
37 87
53 12
6 69
66 92
86 63
34 3
23 49
86 65
28 3
59 43
84 6
96 82
58 64
68 98
32 57
1 40
72 29
25 41
28 83
19 7
41 57
26 32
48 25
23 19
22 56
20 31
27 82
98 18
30 1
19 77
64 81
81 31
90 81
20 69
56 23
51 46
72 82
51 39
77 97
31 56
66 93
39 27
86 75
84 39
65 12
78 38
29 90
10 83
44 55
72 82
59 79
69 74
80 71
64 10
72 1
82 49
63 6
44 3
26 26
95 68
35 88
52 83
0 89
13 93
22 53
75 82
52 33
85 13
33 31
35 63
83 25
93 93
30 20
55 79
5 21
54 37
52 45
24 29
67 71
65 20
19 96
95 67
43 27
3 58
15 19
98 27
64 20
64 92
27 86
24 34
69 26
25 39
39 13
31 88
96 86
15 28
32 50
62 53
76 75
17 29
69 98
58 50
81 32
86 30
33 81
39 37
36 7
9 93
93 5
58 72
70 32
90 14
81 51
29 2
16 87
4 2
31 53
52 83
81 12
3 20
77 9
79 36
4 78
17 75
6 83
43 16
13 55
27 21
69 2
52 48
33 57
18 10
3 40
86 60
52 4
12 97
31 65
34 63
56 30
26 65
21 19
55 6
21 17
76 73
69 44
83 20
81 31
94 80
95 58
17 87
11 12
44 41
87 1
26 53
25 50
59 72
7 9
78 52
75 28
52 82
45 80
46 74
26 48
49 37
36 88
41 37
48 32
59 37
36 90
44 15
85 68
64 95
12 63
4 55
33 38
92 29
44 83
4 66
18 75
74 63
33 69
6 57
85 84
14 4
78 4
76 93
69 39
6 86
39 56
5 2
33 45
14 5
35 9
99 71
61 66
50 96
59 29
31 25
72 89
28 46
47 42
7 47
82 6
36 98
93 66
48 95
70 75
78 42
62 29
98 30
69 24
60 43
82 9
6 11
99 9
38 87
44 65
19 89
87 51
75 25
9 13
99 68
20 62
11 61
84 91
8 55
43 93
72 45
77 97
57 52
45 77
51 40
56 80
4 2
36 17
42 34
4 70
52 50
99 52
25 69
54 28
30 74
68 28
31 85
89 88
10 80
99 33
79 72
73 96
80 43
73 84
17 78
90 13
77 84
23 28
45 22
16 3
61 90
15 23
56 23
50 27
3 59
15 25
83 27
44 8
14 40
82 4
25 71
79 17
68 68
45 22
90 20
85 9
27 33
95 17
51 55
79 9
54 68
79 29
31 21
85 61
2 65
60 32
97 32
58 74
10 16
83 77
60 48
66 98
85 13
14 58
81 45
77 23
65 12
33 66
17 83
11 50
59 61
26 50
86 81
32 1
19 85
7 47
20 21
99 1
43 63
0 66
94 10
92 97
9 59
39 18
31 20
35 96
15 98
19 49
87 26
40 98
75 27
84 27
93 23
27 11
97 62
47 33
21 94
31 85
74 13
4 54
89 17
45 50
16 54
73 57
93 36
59 16
46 98
46 29
20 94
7 35
43 72
61 63
26 59
67 74
56 81
56 55
30 28
24 25
87 17
79 62
67 54
73 88
44 49
69 49
40 67
42 98
4 47
24 28
65 23
15 2
50 85
76 23
54 55
77 21
96 89
34 48
33 65
61 77
25 81
70 63
66 37
10 95
38 36
90 48
67 61
61 17
50 51
74 80
34 45
79 9
83 49
12 27
0 79
20 20
73 18
67 83
25 52
37 71
39 95
46 83
56 37
11 4
99 96
20 72
41 39
36 13
36 96
83 39
51 82
62 4
27 48
50 73
89 33
55 57
45 71
32 5
3 16
49 19
68 63
41 77
40 44
85 70
83 83
13 13
6 61
71 30
97 30
78 37
87 39
85 46
34 86
72 78
28 12
64 29
83 30
97 49
45 44
21 4
92 37
36 75
66 25
2 65
61 38
31 15
70 46
43 49
55 10
71 79
59 48
72 98
46 3
32 46
11 3
94 94
67 64
71 22
62 61
3 22
56 98
77 39
95 11
5 63
76 92
84 14
21 57
17 56
58 39
6 70
4 34
25 76
11 50
26 58
99 45
96 88
15 7
17 25
52 28
54 19
6 96
14 32
98 57
70 96
99 14
7 95
32 72
33 60
2 36
74 67
52 29
91 76
68 24
73 93
96 95
67 18
70 21
75 77
53 59
12 88
58 35
36 68
59 17
40 87
54 54
17 30
50 30
36 74
68 83
67 95
41 20
75 76
83 44
26 2
62 39
94 20
0 36
12 32
10 73
31 64
60 64
41 53
80 91
25 73
19 98
38 63
43 69
55 92
56 37
84 1
98 61
46 15
8 11
79 93
69 17
5 76
33 17
49 9
54 68
84 81
64 30
98 58
62 80
55 78
65 64
91 71
92 54
13 58
5 53
57 30
62 44
12 38
39 34
73 79
61 13
89 83
13 35
87 6
43 48
98 59
97 41
72 41
84 93
2 72
91 9
58 31
48 66
85 3
67 31
77 53
88 43
2 71
93 48
53 24
86 30
17 95
50 87
60 57
7 75
63 94
65 41
42 47
80 72
83 38
81 68
93 53
60 5
25 72
99 91
88 33
46 29
16 53
78 43
74 21
4 66
29 80
73 31
78 36
32 45
47 89
93 61
94 77
4 75
2 62
37 34
89 51
51 93
75 78
74 13
94 3
40 32
23 97
81 8
68 17
96 45
69 0
34 49
30 59
40 14
14 59
85 42
23 7
13 46
13 41
15 33
44 29
86 85
6 73
63 68
14 18
74 92
4 64
42 37
87 77
1 85
73 8
28 22
66 2
9 20
66 94
19 66
97 85
47 79
26 21
33 62
83 43
29 71
17 37
0 89
36 13
46 4
79 96
38 16
6 42
43 40
4 67
35 78
43 93
22 12
30 8
44 32
87 4
10 81
28 50
79 37
49 85
88 75
99 16
80 74
51 89
90 53
13 29
99 19
60 47
7 75
88 64
64 64
15 9
71 10
0 79
56 8
34 39
66 79
38 3
32 93
25 69
10 44
89 99
51 10
10 97
19 60
21 38
17 23
93 94
88 3
66 25
8 55
51 22
92 51
52 6
58 81
45 8
60 19
22 79
86 70
43 22
69 20
16 32
31 36
91 59
60 7
58 48
93 10
73 49
87 79
28 16
12 74
98 56
63 68
98 49
66 9
7 85
9 30
23 82
65 33
84 4
63 62
19 35
76 45
23 6
22 32
95 55
37 91
55 59
15 83
5 38
97 45
84 80
76 6
78 91
69 36
8 25
82 52
18 15
5 40
44 64
46 85
40 63
84 45
74 12
85 66
93 49
89 55
87 6
62 73
91 20
6 26
35 50
92 34
47 79
8 26
10 3
22 14
92 73
55 80
47 54
64 3
80 75
24 47
49 99
73 33
88 52
15 87
69 84
29 47
69 55
45 84
61 95
50 27
15 73
40 72
72 63
29 1
34 44
0 96
5 23
27 4
17 44
41 83
94 5
62 99
13 41
47 2
31 99
7 81
97 90
85 52
42 62
47 12
45 79
91 31
26 74
24 38
80 83
45 73
23 10
78 22
47 31
0 4
53 1
4 83
49 28
16 45
54 99
99 21
59 32
34 65
54 59
75 53
43 82
81 50
83 15
54 13
14 17
99 85
52 28
30 53
32 36
74 40
3 89
43 55
60 20
25 83
5 56
84 79
46 36
70 58
81 5
21 99
91 20
27 15
19 0
52 56
17 58
15 50
37 66
98 66
25 47
40 28
13 24
56 87
55 18
24 5
59 82
60 61
58 3
97 44
70 73
55 82
97 17
31 82
40 53
61 87
10 72
82 74
80 3
94 42
72 79
11 42
93 28
62 21
50 67
